proto_mate.js H5 zsyz_client 鍗忚瀛楀吀 (per temp/quick-scripts/src/assets/Scripts/net/proto_mate.js)

send (cli 鈫?srv) 鍞竴 cmd: 766
recv (srv 鈫?cli) 鍞竴 cmd: 875

=== send cmds (cli, zsyz_client 鍙戝嚭鐨? ===
10101, 10102, 10103, 10200, 10215, 10300, 10309, 10312, 10315, 10316, 10317, 10318, 10322, 10325, 10327, 10343, 10345, 10346, 10347, 10348, 10380, 10391, 10395, 10397, 10399, 10400, 10402, 10405, 10406, 10500, 10501, 10515, 10520, 10522, 10523, 10524, 10525, 10526, 10528, 10535, 10536, 10800, 10801, 10802, 10804, 10805, 10810, 10900, 10901, 10902, 10905, 10906, 10922, 10923, 10924, 10925, 10926, 10927, 10945, 10946, 10950, 10952, 10955, 10956, 10999, 11000, 11001, 11002, 11003, 11004, 11005, 11006, 11007, 11008, 11009, 11010, 11011, 11012, 11015, 11016, 11017, 11019, 11020, 11025, 11026, 11030, 11031, 11032, 11033, 11034, 11035, 11036, 11037, 11038, 11040, 11041, 11042, 11043, 11044, 11045, 11046, 11047, 11050, 11051, 11052, 11053, 11055, 11056, 11060, 11061, 11062, 11063, 11070, 11073, 11075, 11076, 11077, 11078, 11079, 11080, 11081, 11082, 11083, 11085, 11086, 11087, 11088, 11089, 11090, 11091, 11092, 11093, 11094, 11095, 11096, 11097, 11098, 11099, 11100, 11102, 11111, 11121, 11122, 11200, 11201, 11211, 11212, 11213, 11300, 11301, 11302, 11303, 11304, 11305, 11306, 11307, 11308, 11310, 11311, 11320, 11321, 11322, 11323, 11324, 11325, 11326, 11327, 11328, 11329, 11330, 11331, 11332, 11333, 12700, 12701, 12702, 12703, 12720, 12723, 12725, 12726, 12730, 12731, 12732, 12762, 12764, 12766, 12767, 12768, 12770, 12771, 12900, 12901, 12902, 12903, 12904, 13000, 13002, 13003, 13004, 13005, 13006, 13008, 13009, 13011, 13012, 13013, 13014, 13015, 13017, 13018, 13019, 13020, 13030, 13031, 13032, 13039, 13040, 13300, 13303, 13305, 13306, 13307, 13309, 13311, 13312, 13314, 13315, 13316, 13317, 13320, 13330, 13332, 13333, 13334, 13401, 13402, 13403, 13405, 13407, 13408, 13409, 13410, 13411, 13412, 13413, 13414, 13415, 13416, 13417, 13419, 13420, 13500, 13501, 13503, 13505, 13507, 13513, 13514, 13516, 13518, 13519, 13520, 13521, 13522, 13523, 13524, 13534, 13535, 13536, 13540, 13541, 13545, 13546, 13558, 13565, 13568, 13573, 13574, 13575, 13576, 13601, 13602, 13603, 13604, 13605, 13606, 13607, 13608, 14100, 14101, 14102, 14103, 16400, 16401, 16402, 16601, 16602, 16603, 16604, 16605, 16607, 16620, 16630, 16631, 16633, 16634, 16635, 16636, 16637, 16638, 16639, 16640, 16641, 16642, 16643, 16650, 16660, 16661, 16665, 16666, 16670, 16671, 16672, 16673, 16674, 16675, 16676, 16680, 16681, 16682, 16683, 16684, 16685, 16686, 16687, 16688, 16689, 16691, 16692, 16693, 16694, 16695, 16696, 16697, 16698, 16700, 16705, 16706, 16707, 16708, 16710, 16711, 16712, 16713, 16730, 16731, 16800, 16801, 16802, 16900, 16901, 16903, 16904, 19800, 19801, 19802, 19804, 19805, 19806, 19807, 19901, 19902, 19903, 19904, 19905, 19906, 19907, 19908, 20000, 20001, 20002, 20004, 20005, 20006, 20008, 20009, 20013, 20014, 20015, 20016, 20019, 20020, 20022, 20026, 20027, 20028, 20029, 20030, 20033, 20034, 20036, 20060, 20062, 20063, 20200, 20201, 20202, 20203, 20204, 20206, 20207, 20208, 20209, 20220, 20221, 20222, 20223, 20250, 20251, 20252, 20253, 20254, 20255, 20256, 20258, 20260, 20261, 20262, 20263, 20280, 20281, 20300, 20301, 20500, 20501, 20502, 20530, 20531, 20532, 20533, 20535, 20537, 20538, 20540, 20541, 20542, 20600, 20601, 20602, 20604, 20605, 20606, 20607, 20608, 20609, 20610, 20611, 20620, 20632, 20633, 20634, 20635, 20700, 20701, 20702, 20703, 21000, 21001, 21002, 21003, 21004, 21005, 21006, 21007, 21008, 21009, 21010, 21011, 21012, 21013, 21014, 21015, 21016, 21020, 21100, 21101, 21200, 21201, 21210, 21211, 21220, 21300, 21303, 21304, 21305, 21308, 21312, 21317, 21318, 21319, 21320, 21321, 21322, 21323, 21401, 21403, 21410, 21421, 21425, 21427, 21500, 21501, 21502, 21503, 21504, 22100, 22101, 22200, 22202, 22203, 22204, 22700, 22701, 22702, 22703, 22704, 23200, 23201, 23202, 23203, 23204, 23205, 23210, 23211, 23212, 23213, 23214, 23215, 23216, 23217, 23218, 23219, 23220, 23221, 23222, 23300, 23301, 23302, 23303, 23400, 23402, 23403, 23500, 23501, 23502, 23504, 23505, 23506, 23507, 23508, 23509, 23511, 23512, 23513, 23514, 23516, 23518, 23519, 23520, 23601, 23602, 23603, 23604, 23606, 23607, 23700, 23701, 23702, 23703, 23800, 23801, 23802, 23803, 23804, 23805, 23820, 23821, 23900, 23901, 23902, 23903, 23904, 23905, 23906, 23907, 23908, 23909, 23910, 23911, 24000, 24001, 24002, 24003, 24004, 24005, 24006, 24010, 24011, 24012, 24013, 24014, 24015, 24017, 24018, 24019, 24020, 24100, 24101, 24103, 24104, 24107, 24108, 24120, 24121, 24122, 24123, 24124, 24125, 24126, 24127, 24128, 24129, 24130, 24131, 24132, 24133, 24200, 24201, 24202, 24204, 24205, 24206, 24207, 24208, 24209, 24210, 24212, 24213, 24214, 24220, 24221, 24223, 24300, 24301, 24302, 24303, 24304, 24305, 24306, 24308, 24309, 24310, 24311, 24312, 24313, 24314, 24315, 24316, 24400, 24401, 24402, 24403, 24404, 24405, 24406, 24407, 24408, 24409, 24410, 24411, 24500, 24501, 24502, 24600, 24601, 24602, 24603, 24604, 24700, 24701, 24702, 24801, 24802, 24803, 24804, 24805, 24806, 24807, 24808, 24809, 24810, 24811, 24812, 24813, 24814, 24815, 24816, 24817, 24818, 25100, 25101, 25102, 25300, 25301, 25302, 25303, 25304, 25305, 25306, 25307, 25308, 25309, 25400, 25401, 25402, 25403, 25404, 25405, 25410, 25411, 25412, 25413, 25414, 25800, 25801, 25802, 25805, 25806, 25807, 25810, 25811, 25812, 25813, 25814, 25815, 25816, 25817, 25818, 25819, 25820, 25830, 25831, 25832, 25835, 25836, 25837, 25838, 25839, 25840, 25841, 30001, 30002, 30100, 30101, 30102

=== recv cmds (srv, zsyz_client 鎺ユ敹鐨? 鍓?30) ===
10101, 10102, 10103, 10200, 10210, 10211, 10213, 10214, 10215, 10216, 10217, 10219, 10220, 10222, 10250, 10260, 10262, 10264, 10265, 10266, 10300, 10301, 10302, 10304, 10305, 10306, 10307, 10309, 10310, 10312

=== shim 宸插疄鐜?===
real zsyz cmd: 10101, 10102, 10103, 10200, 10215, 10300, 10301, 10302, 10309, 10315
shim-internal: 10400, 11001

=== 缂哄彛 (send cmds 鍑忓幓宸插疄鐜? ===
寰呭疄鐜? 758 cmd
10312, 10316, 10317, 10318, 10322, 10325, 10327, 10343, 10345, 10346, 10347, 10348, 10380, 10391, 10395, 10397, 10399, 10400, 10402, 10405, 10406, 10500, 10501, 10515, 10520, 10522, 10523, 10524, 10525, 10526, 10528, 10535, 10536, 10800, 10801, 10802, 10804, 10805, 10810, 10900, 10901, 10902, 10905, 10906, 10922, 10923, 10924, 10925, 10926, 10927, 10945, 10946, 10950, 10952, 10955, 10956, 10999, 11000, 11001, 11002, 11003, 11004, 11005, 11006, 11007, 11008, 11009, 11010, 11011, 11012, 11015, 11016, 11017, 11019, 11020, 11025, 11026, 11030, 11031, 11032, 11033, 11034, 11035, 11036, 11037, 11038, 11040, 11041, 11042, 11043, 11044, 11045, 11046, 11047, 11050, 11051, 11052, 11053, 11055, 11056, 11060, 11061, 11062, 11063, 11070, 11073, 11075, 11076, 11077, 11078, 11079, 11080, 11081, 11082, 11083, 11085, 11086, 11087, 11088, 11089, 11090, 11091, 11092, 11093, 11094, 11095, 11096, 11097, 11098, 11099, 11100, 11102, 11111, 11121, 11122, 11200, 11201, 11211, 11212, 11213, 11300, 11301, 11302, 11303, 11304, 11305, 11306, 11307, 11308, 11310, 11311, 11320, 11321, 11322, 11323, 11324, 11325, 11326, 11327, 11328, 11329, 11330, 11331, 11332, 11333, 12700, 12701, 12702, 12703, 12720, 12723, 12725, 12726, 12730, 12731, 12732, 12762, 12764, 12766, 12767, 12768, 12770, 12771, 12900, 12901, 12902, 12903, 12904, 13000, 13002, 13003, 13004, 13005, 13006, 13008, 13009, 13011, 13012, 13013, 13014, 13015, 13017, 13018, 13019, 13020, 13030, 13031, 13032, 13039, 13040, 13300, 13303, 13305, 13306, 13307, 13309, 13311, 13312, 13314, 13315, 13316, 13317, 13320, 13330, 13332, 13333, 13334, 13401, 13402, 13403, 13405, 13407, 13408, 13409, 13410, 13411, 13412, 13413, 13414, 13415, 13416, 13417, 13419, 13420, 13500, 13501, 13503, 13505, 13507, 13513, 13514, 13516, 13518, 13519, 13520, 13521, 13522, 13523, 13524, 13534, 13535, 13536, 13540, 13541, 13545, 13546, 13558, 13565, 13568, 13573, 13574, 13575, 13576, 13601, 13602, 13603, 13604, 13605, 13606, 13607, 13608, 14100, 14101, 14102, 14103, 16400, 16401, 16402, 16601, 16602, 16603, 16604, 16605, 16607, 16620, 16630, 16631, 16633, 16634, 16635, 16636, 16637, 16638, 16639, 16640, 16641, 16642, 16643, 16650, 16660, 16661, 16665, 16666, 16670, 16671, 16672, 16673, 16674, 16675, 16676, 16680, 16681, 16682, 16683, 16684, 16685, 16686, 16687, 16688, 16689, 16691, 16692, 16693, 16694, 16695, 16696, 16697, 16698, 16700, 16705, 16706, 16707, 16708, 16710, 16711, 16712, 16713, 16730, 16731, 16800, 16801, 16802, 16900, 16901, 16903, 16904, 19800, 19801, 19802, 19804, 19805, 19806, 19807, 19901, 19902, 19903, 19904, 19905, 19906, 19907, 19908, 20000, 20001, 20002, 20004, 20005, 20006, 20008, 20009, 20013, 20014, 20015, 20016, 20019, 20020, 20022, 20026, 20027, 20028, 20029, 20030, 20033, 20034, 20036, 20060, 20062, 20063, 20200, 20201, 20202, 20203, 20204, 20206, 20207, 20208, 20209, 20220, 20221, 20222, 20223, 20250, 20251, 20252, 20253, 20254, 20255, 20256, 20258, 20260, 20261, 20262, 20263, 20280, 20281, 20300, 20301, 20500, 20501, 20502, 20530, 20531, 20532, 20533, 20535, 20537, 20538, 20540, 20541, 20542, 20600, 20601, 20602, 20604, 20605, 20606, 20607, 20608, 20609, 20610, 20611, 20620, 20632, 20633, 20634, 20635, 20700, 20701, 20702, 20703, 21000, 21001, 21002, 21003, 21004, 21005, 21006, 21007, 21008, 21009, 21010, 21011, 21012, 21013, 21014, 21015, 21016, 21020, 21100, 21101, 21200, 21201, 21210, 21211, 21220, 21300, 21303, 21304, 21305, 21308, 21312, 21317, 21318, 21319, 21320, 21321, 21322, 21323, 21401, 21403, 21410, 21421, 21425, 21427, 21500, 21501, 21502, 21503, 21504, 22100, 22101, 22200, 22202, 22203, 22204, 22700, 22701, 22702, 22703, 22704, 23200, 23201, 23202, 23203, 23204, 23205, 23210, 23211, 23212, 23213, 23214, 23215, 23216, 23217, 23218, 23219, 23220, 23221, 23222, 23300, 23301, 23302, 23303, 23400, 23402, 23403, 23500, 23501, 23502, 23504, 23505, 23506, 23507, 23508, 23509, 23511, 23512, 23513, 23514, 23516, 23518, 23519, 23520, 23601, 23602, 23603, 23604, 23606, 23607, 23700, 23701, 23702, 23703, 23800, 23801, 23802, 23803, 23804, 23805, 23820, 23821, 23900, 23901, 23902, 23903, 23904, 23905, 23906, 23907, 23908, 23909, 23910, 23911, 24000, 24001, 24002, 24003, 24004, 24005, 24006, 24010, 24011, 24012, 24013, 24014, 24015, 24017, 24018, 24019, 24020, 24100, 24101, 24103, 24104, 24107, 24108, 24120, 24121, 24122, 24123, 24124, 24125, 24126, 24127, 24128, 24129, 24130, 24131, 24132, 24133, 24200, 24201, 24202, 24204, 24205, 24206, 24207, 24208, 24209, 24210, 24212, 24213, 24214, 24220, 24221, 24223, 24300, 24301, 24302, 24303, 24304, 24305, 24306, 24308, 24309, 24310, 24311, 24312, 24313, 24314, 24315, 24316, 24400, 24401, 24402, 24403, 24404, 24405, 24406, 24407, 24408, 24409, 24410, 24411, 24500, 24501, 24502, 24600, 24601, 24602, 24603, 24604, 24700, 24701, 24702, 24801, 24802, 24803, 24804, 24805, 24806, 24807, 24808, 24809, 24810, 24811, 24812, 24813, 24814, 24815, 24816, 24817, 24818, 25100, 25101, 25102, 25300, 25301, 25302, 25303, 25304, 25305, 25306, 25307, 25308, 25309, 25400, 25401, 25402, 25403, 25404, 25405, 25410, 25411, 25412, 25413, 25414, 25800, 25801, 25802, 25805, 25806, 25807, 25810, 25811, 25812, 25813, 25814, 25815, 25816, 25817, 25818, 25819, 25820, 25830, 25831, 25832, 25835, 25836, 25837, 25838, 25839, 25840, 25841, 30001, 30002, 30100, 30101, 30102
